image_width: 800
image_height: 600
camera_name: camera
camera_matrix:
  rows: 3
  cols: 3
  data: [396.134412, 0.000000, 367.386500, 0.000000, 397.682780, 318.460727, 0.000000, 0.000000, 1.000000]
distortion_model: plumb_bob
distortion_coefficients:
  rows: 1
  cols: 5
  data: [0.014399, -0.025508, 0.000705, -0.000380, 0.000000]
rectification_matrix:
  rows: 3
  cols: 3
  data: [1.000000, 0.000000, 0.000000, 0.000000, 1.000000, 0.000000, 0.000000, 0.000000, 1.000000]
projection_matrix:
  rows: 3
  cols: 4
  data: [390.040039, 0.000000, 363.866567, 0.000000, 0.000000, 397.407959, 319.271861, 0.000000, 0.000000, 0.000000, 1.000000, 0.000000]
