image_width: 800
image_height: 600
camera_name: narrow_stereo
camera_matrix:
  rows: 3
  cols: 3
  data: [399.553077, 0.000000, 371.757554, 0.000000, 400.891096, 304.420809, 0.000000, 0.000000, 1.000000]
distortion_model: plumb_bob
distortion_coefficients:
  rows: 1
  cols: 5
  data: [0.018101, -0.029261, 0.001429, 0.000830, 0.000000]
rectification_matrix:
  rows: 3
  cols: 3
  data: [ 1.0, 0.0, 0.0, 0.0, 1.0, 0.0, 0.0, 0.0, 1.0]
  #data: [ 0.999, 0.002, 0.035,-0.000, 0.998,-0.065,-0.035, 0.065, 0.997]
projection_matrix:
  rows: 3
  cols: 4
  data: [394.167175, 0.000000, 370.140250, 0.000000, 0.000000, 401.244232, 305.475448, 0.000000, 0.000000, 0.000000, 1.000000, 0.000000]

rpy_offset:
  roll:  0.0
  pitch: 0.0
  yaw:   0.0